0, 0 0 0;
1, 9 9 9;
2, 18 18 18;
3, 27 27 27;
4, 36 36 36;
5, 45 45 45;
6, 54 54 54;
7, 63 63 63;
8, 3 1 1;
9, 8 2 3;
10, 18 6 8;
11, 46 15 22;
12, 6 0 1;
13, 12 0 2;
14, 25 0 6;
15, 63 0 15;
16, 3 1 2;
17, 9 3 7;
18, 18 6 14;
19, 43 14 35;
20, 6 0 4;
21, 12 0 8;
22, 25 0 18;
23, 61 0 45;
24, 2 1 3;
25, 4 3 9;
26, 11 6 18;
27, 27 14 43;
28, 2 0 6;
29, 4 0 12;
30, 10 0 25;
31, 25 0 62;
32, 1 1 3;
33, 3 2 8;
34, 7 6 18;
35, 20 15 46;
36, 1 0 6;
37, 2 0 12;
38, 4 0 25;
39, 10 0 63;
40, 1 1 3;
41, 2 2 8;
42, 6 6 18;
43, 15 15 46;
44, 0 0 6;
45, 0 0 12;
46, 0 0 25;
47, 0 0 63;
48, 1 1 3;
49, 2 4 7;
50, 6 9 18;
51, 15 24 46;
52, 0 1 6;
53, 0 3 12;
54, 0 7 25;
55, 0 18 63;
56, 1 2 3;
57, 2 6 8;
58, 6 15 18;
59, 15 39 46;
60, 0 4 6;
61, 0 9 12;
62, 0 19 25;
63, 0 50 63;
64, 1 3 2;
65, 2 7 5;
66, 6 18 16;
67, 15 45 39;
68, 0 6 4;
69, 0 12 9;
70, 0 25 20;
71, 0 63 50;
72, 1 3 2;
73, 2 7 4;
74, 5 16 10;
75, 15 45 26;
76, 0 6 2;
77, 0 12 4;
78, 0 25 10;
79, 0 63 25;
80, 1 3 2;
81, 2 7 2;
82, 5 17 6;
83, 14 44 15;
84, 0 6 0;
85, 0 12 0;
86, 0 25 0;
87, 0 63 0;
88, 1 3 1;
89, 4 7 2;
90, 10 16 5;
91, 27 42 14;
92, 2 6 0;
93, 5 12 0;
94, 12 25 0;
95, 31 63 0;
96, 3 3 1;
97, 8 8 2;
98, 18 18 6;
99, 43 43 14;
100, 6 6 0;
101, 12 12 0;
102, 25 25 0;
103, 63 63 0;
104, 3 2 1;
105, 8 5 2;
106, 17 11 5;
107, 43 28 14;
108, 6 3 0;
109, 12 6 0;
110, 25 12 0;
111, 63 31 0;
112, 3 1 1;
113, 8 3 2;
114, 17 8 5;
115, 43 19 14;
116, 6 1 0;
117, 12 2 0;
118, 25 4 0;
119, 63 10 0;
120, 3 1 1;
121, 8 2 2;
122, 18 6 6;
123, 45 15 15;
124, 6 0 0;
125, 12 0 0;
126, 25 0 0;
127, 63 0 0;
